[gd_scene load_steps=39 format=3 uid="uid://dtqbmnfg75l2j"]

[ext_resource type="PackedScene" uid="uid://b6e7d6pfq0oyt" path="res://scenes/playerFB.tscn" id="1_tbgi4"]
[ext_resource type="PackedScene" uid="uid://dc7l8xehcc418" path="res://scenes/playerGUI.tscn" id="2_0wfyh"]
[ext_resource type="Texture2D" uid="uid://bedjnkl6c6nv0" path="res://assets/textures/target_bullseye.png" id="4_jyhfs"]
[ext_resource type="PackedScene" uid="uid://ly67c2aajcpn" path="res://scenes/metal_target.tscn" id="5_tbgi4"]
[ext_resource type="PackedScene" uid="uid://crf0rainai2gr" path="res://scenes/turret.tscn" id="6_o6xl0"]
[ext_resource type="PackedScene" uid="uid://e1ljdlxt07hf" path="res://scenes/sound_turret.tscn" id="6_tefeu"]
[ext_resource type="PackedScene" uid="uid://ch3tuais31wbv" path="res://scenes/items/oxycodone.tscn" id="7_o6xl0"]
[ext_resource type="PackedScene" uid="uid://ccsq1w2t384e1" path="res://scenes/items/procoagulant.tscn" id="8_tipki"]
[ext_resource type="PackedScene" uid="uid://bvha0vtegbsu8" path="res://scenes/items/adrenaline.tscn" id="9_85g3d"]
[ext_resource type="PackedScene" uid="uid://ct4kl1fuygj05" path="res://scenes/items/bloodbag.tscn" id="10_choun"]
[ext_resource type="PackedScene" uid="uid://dnnvi7rppihnc" path="res://scenes/items/morphine.tscn" id="11_ya4ey"]
[ext_resource type="PackedScene" uid="uid://bdkoa3j1mcgy7" path="res://scenes/items/methamphetamine.tscn" id="12_eb6dy"]
[ext_resource type="PackedScene" uid="uid://cxenlm0n3q61f" path="res://scenes/items/potassium_chloride.tscn" id="13_trceg"]
[ext_resource type="PackedScene" uid="uid://dmfro6v5cer2m" path="res://scenes/items/fentanyl.tscn" id="14_a8y0u"]
[ext_resource type="PackedScene" uid="uid://djiavrjfxah80" path="res://scenes/items/naloxone.tscn" id="15_jkv2x"]
[ext_resource type="PackedScene" uid="uid://bd4siua5myuh0" path="res://scenes/ss_320.tscn" id="16_jbj1t"]
[ext_resource type="PackedScene" uid="uid://bwsb5c052emdc" path="res://scenes/items/diazepam.tscn" id="17_muem4"]
[ext_resource type="PackedScene" uid="uid://jam06q4dgjam" path="res://scenes/items/headphones.tscn" id="18_dp3eg"]
[ext_resource type="PackedScene" uid="uid://c7oxlks2ilnne" path="res://scenes/items/plss.tscn" id="19_0ld40"]
[ext_resource type="PackedScene" uid="uid://35g474si3mj" path="res://scenes/items/bandage.tscn" id="20_gqmmt"]
[ext_resource type="PackedScene" uid="uid://dltflry3ixy0n" path="res://scenes/items/icepack.tscn" id="21_yc10j"]
[ext_resource type="PackedScene" uid="uid://d0foaechfn8t6" path="res://scenes/items/protein_gel.tscn" id="22_jscy8"]
[ext_resource type="PackedScene" uid="uid://u1xrqqc1jk86" path="res://scenes/flashbang.tscn" id="23_pm3ni"]
[ext_resource type="PackedScene" uid="uid://bni8w27n3rrt5" path="res://scenes/items/chloral_hydrate.tscn" id="24_y6deb"]
[ext_resource type="PackedScene" uid="uid://cbdfbi72sig1p" path="res://scenes/uzi.tscn" id="25_og1vs"]

[sub_resource type="Environment" id="Environment_sugp2"]
ssao_enabled = true
glow_enabled = true

[sub_resource type="BoxShape3D" id="BoxShape3D_0wfyh"]
size = Vector3(400, 1, 400)

[sub_resource type="StandardMaterial3D" id="StandardMaterial3D_jyhfs"]
albedo_color = Color(0.0445579, 0.0445578, 0.0445578, 1)

[sub_resource type="BoxMesh" id="BoxMesh_sugp2"]
material = SubResource("StandardMaterial3D_jyhfs")
size = Vector3(400, 1, 400)

[sub_resource type="StandardMaterial3D" id="StandardMaterial3D_tbgi4"]
albedo_texture = ExtResource("4_jyhfs")

[sub_resource type="PlaneMesh" id="PlaneMesh_tefeu"]
material = SubResource("StandardMaterial3D_tbgi4")

[sub_resource type="BoxShape3D" id="BoxShape3D_o6xl0"]
size = Vector3(0.02, 2, 2)

[sub_resource type="BoxMesh" id="BoxMesh_tbgi4"]
size = Vector3(10.07, 4, 0.3)

[sub_resource type="BoxShape3D" id="BoxShape3D_tefeu"]
size = Vector3(10.07, 4, 0.3)

[sub_resource type="BoxMesh" id="BoxMesh_dp3eg"]
size = Vector3(28.64, 4, 0.3)

[sub_resource type="BoxShape3D" id="BoxShape3D_0ld40"]
size = Vector3(28.64, 4, 0.3)

[sub_resource type="BoxMesh" id="BoxMesh_a8y0u"]
size = Vector3(3.68, 0.1, 0.3)

[sub_resource type="BoxShape3D" id="BoxShape3D_jkv2x"]
size = Vector3(3.68, 0.1, 0.3)

[node name="Node3D" type="Node3D"]

[node name="Player" parent="." instance=ExtResource("1_tbgi4")]
transform = Transform3D(1, 0, 0, 0, 1, 0, 0, 0, 1, 0, 1.8912523, 0)
strafe_roll_amount = 4.0
strafe_roll_speed = 1.0
equipment = []

[node name="PlayerGUI" parent="." instance=ExtResource("2_0wfyh")]

[node name="WorldEnvironment" type="WorldEnvironment" parent="."]
environment = SubResource("Environment_sugp2")

[node name="SteamAudioConfig" type="SteamAudioConfig" parent="."]
max_reflection_sources = 256.0

[node name="DirectionalLight3D" type="DirectionalLight3D" parent="."]
transform = Transform3D(0.763417, -0.399789, -0.507309, 0.553464, -3.6406e-08, 0.832873, -0.332974, -0.916607, 0.221269, 0, 4.48028, 0)

[node name="StaticBody3D" type="StaticBody3D" parent="."]
collision_layer = 3
metadata/material_type = "concrete"

[node name="CollisionShape3D" type="CollisionShape3D" parent="StaticBody3D"]
shape = SubResource("BoxShape3D_0wfyh")

[node name="MeshInstance3D" type="MeshInstance3D" parent="StaticBody3D"]
mesh = SubResource("BoxMesh_sugp2")

[node name="SteamAudioGeometry" type="SteamAudioGeometry" parent="StaticBody3D/MeshInstance3D"]

[node name="StaticBody3D2" type="StaticBody3D" parent="."]
transform = Transform3D(-4.37114e-08, -1, 0, 1, -4.37114e-08, 0, 0, 0, 1, 12.9251, 0, 0)
collision_layer = 3
metadata/material_type = "plastic"

[node name="CollisionShape3D" type="CollisionShape3D" parent="StaticBody3D2"]
shape = SubResource("BoxShape3D_0wfyh")

[node name="MeshInstance3D" type="MeshInstance3D" parent="StaticBody3D2"]
mesh = SubResource("BoxMesh_sugp2")

[node name="SteamAudioGeometry" type="SteamAudioGeometry" parent="StaticBody3D2/MeshInstance3D"]

[node name="Target" type="StaticBody3D" parent="."]
transform = Transform3D(-4.37114e-08, 1, -4.37114e-08, 0, -4.37114e-08, -1, -1, -4.37114e-08, 1.91069e-15, -2.38419e-07, 2.01111, -10.266)
collision_layer = 3

[node name="MeshInstance3D" type="MeshInstance3D" parent="Target"]
transform = Transform3D(-4.37114e-08, -1, 4.37114e-08, 1, -4.37114e-08, 4.37114e-08, -4.37114e-08, 4.37114e-08, 1, 0, 0, 0)
mesh = SubResource("PlaneMesh_tefeu")

[node name="CollisionShape3D" type="CollisionShape3D" parent="Target"]
shape = SubResource("BoxShape3D_o6xl0")

[node name="MetalTarget" parent="." instance=ExtResource("5_tbgi4")]
transform = Transform3D(1, 0, 0, 0, 1, 0, 0, 0, 1, -17.6026, 1.61841, -9.92049)

[node name="MetalTarget2" parent="." instance=ExtResource("5_tbgi4")]
transform = Transform3D(1, 0, 0, 0, 1, 0, 0, 0, 1, -15.4802, 1.61841, -9.92049)

[node name="MetalTarget3" parent="." instance=ExtResource("5_tbgi4")]
transform = Transform3D(1, 0, 0, 0, 1, 0, 0, 0, 1, -13.1208, 1.61841, -9.92049)

[node name="MetalTarget4" parent="." instance=ExtResource("5_tbgi4")]
transform = Transform3D(1, 0, 0, 0, 1, 0, 0, 0, 1, -10.647, 1.61841, -9.92049)

[node name="MetalTarget5" parent="." instance=ExtResource("5_tbgi4")]
transform = Transform3D(1, 0, 0, 0, 1, 0, 0, 0, 1, -8.2471, 1.61841, -9.92049)

[node name="MetalTarget6" parent="." instance=ExtResource("5_tbgi4")]
transform = Transform3D(1, 0, 0, 0, 1, 0, 0, 0, 1, -6.09112, 1.61841, -9.92049)

[node name="MetalTarget7" parent="." instance=ExtResource("5_tbgi4")]
transform = Transform3D(1, 0, 0, 0, 1, 0, 0, 0, 1, -3.71316, 1.61841, -9.92049)

[node name="MetalTarget8" parent="." instance=ExtResource("5_tbgi4")]
transform = Transform3D(1, 0, 0, 0, 1, 0, 0, 0, 1, -5.42674, 1.61841, -28.7085)

[node name="MetalTarget9" parent="." instance=ExtResource("5_tbgi4")]
transform = Transform3D(1, 0, 0, 0, 1, 0, 0, 0, 1, -11.5604, 1.61841, -28.7085)

[node name="MetalTarget10" parent="." instance=ExtResource("5_tbgi4")]
transform = Transform3D(1, 0, 0, 0, 1, 0, 0, 0, 1, -18.2169, 1.61841, -28.7085)

[node name="MetalTarget11" parent="." instance=ExtResource("5_tbgi4")]
transform = Transform3D(1, 0, 0, 0, 1, 0, 0, 0, 1, -14.8986, 1.61841, -67.2311)

[node name="MetalTarget12" parent="." instance=ExtResource("5_tbgi4")]
transform = Transform3D(1, 0, 0, 0, 1, 0, 0, 0, 1, -7.70361, 1.61841, -67.2311)

[node name="StaticBody3D3" type="StaticBody3D" parent="."]
transform = Transform3D(1, 0, 0, 0, 1, 0, 0, 0, 1, 6.5856843, 2.52953, -10.1965)
collision_layer = 3

[node name="MeshInstance3D" type="MeshInstance3D" parent="StaticBody3D3"]
mesh = SubResource("BoxMesh_tbgi4")

[node name="CollisionShape3D" type="CollisionShape3D" parent="StaticBody3D3"]
shape = SubResource("BoxShape3D_tefeu")

[node name="StaticBody3D6" type="StaticBody3D" parent="."]
transform = Transform3D(-3.090862e-08, -1, -7.4620004e-08, -0.49999997, -4.916851e-08, 0.8660253, -0.8660253, 6.4077646e-08, -0.49999997, 6.5856843, 7.5039196, 31.275202)
collision_layer = 3

[node name="MeshInstance3D" type="MeshInstance3D" parent="StaticBody3D6"]
mesh = SubResource("BoxMesh_dp3eg")

[node name="CollisionShape3D" type="CollisionShape3D" parent="StaticBody3D6"]
shape = SubResource("BoxShape3D_0ld40")

[node name="StaticBody3D5" type="StaticBody3D" parent="."]
transform = Transform3D(1, 0, 0, 0, 1, 0, 0, 0, 1, 5.273826, 1.6474423, -9.91077)
collision_layer = 3

[node name="MeshInstance3D" type="MeshInstance3D" parent="StaticBody3D5"]
mesh = SubResource("BoxMesh_a8y0u")

[node name="CollisionShape3D" type="CollisionShape3D" parent="StaticBody3D5"]
shape = SubResource("BoxShape3D_jkv2x")

[node name="StaticBody3D4" type="StaticBody3D" parent="."]
transform = Transform3D(0.7873226, 0, 0.61654127, 0, 1, 0, -0.61654127, 0, 0.7873226, -29.692318, 2.52953, -21.438131)
collision_layer = 3

[node name="MeshInstance3D" type="MeshInstance3D" parent="StaticBody3D4"]
mesh = SubResource("BoxMesh_tbgi4")

[node name="CollisionShape3D" type="CollisionShape3D" parent="StaticBody3D4"]
shape = SubResource("BoxShape3D_tefeu")

[node name="SoundTurret" parent="." instance=ExtResource("6_tefeu")]
transform = Transform3D(1, 0, 0, 0, 1, 0, 0, 0, 1, 3.9636958, 1.034326, -13.617551)

[node name="Turret" parent="." instance=ExtResource("6_o6xl0")]
transform = Transform3D(1, 0, 0, 0, 1, 0, 0, 0, 1, -41.113087, 1.4489521, -29.001135)

[node name="Adrenaline" parent="." instance=ExtResource("9_85g3d")]
transform = Transform3D(1, 0, 0, 0, 0.94112295, 0.33806455, 0, -0.33806455, 0.94112295, 3.5827336, 1.989, -9.907393)

[node name="BloodBag" parent="." instance=ExtResource("10_choun")]
transform = Transform3D(-4.371139e-08, 0, 1, -0.17168838, 0.9851513, -7.504737e-09, -0.9851513, -0.17168838, -4.3062332e-08, 5.615044, 2.1068656, -9.903673)

[node name="Fentanyl" parent="." instance=ExtResource("14_a8y0u")]
transform = Transform3D(1, 0, 0, 0, 0.94112295, 0.33806455, 0, -0.33806455, 0.94112295, 3.7137933, 1.989, -9.907393)

[node name="Methamphetamine" parent="." instance=ExtResource("12_eb6dy")]
transform = Transform3D(1, 0, 0, 0, 0.94112295, 0.33806455, 0, -0.33806455, 0.94112295, 3.8268845, 1.989, -9.907393)

[node name="Morphine" parent="." instance=ExtResource("11_ya4ey")]
transform = Transform3D(1, 0, 0, 0, 0.94112295, 0.33806455, 0, -0.33806455, 0.94112295, 3.9268847, 1.989, -9.907393)

[node name="KCl" parent="." instance=ExtResource("13_trceg")]
transform = Transform3D(1, 0, 0, 0, 0.94112295, 0.33806455, 0, -0.33806455, 0.94112295, 4.0268846, 1.989, -9.907393)

[node name="Procoagulant" parent="." instance=ExtResource("8_tipki")]
transform = Transform3D(1, 0, 0, 0, 0.94112295, 0.33806455, 0, -0.33806455, 0.94112295, 4.1268845, 1.989, -9.907393)

[node name="Oxycodone" parent="." instance=ExtResource("7_o6xl0")]
transform = Transform3D(-4.371139e-08, 0, 1, 0, 1, 0, -1, 0, -4.371139e-08, 5.1930766, 1.8490454, -9.895307)

[node name="Naloxone" parent="." instance=ExtResource("15_jkv2x")]
transform = Transform3D(1, 0, 0, 0, 0.94112295, 0.33806455, 0, -0.33806455, 0.94112295, 4.2268844, 1.989, -9.907)

[node name="SS320" parent="." instance=ExtResource("16_jbj1t")]
transform = Transform3D(1, 0, 0, 0, 1, 0, 0, 0, 1, 4.7544127, 1.304814, -5.3909836)
metadata/IsGun = false

[node name="Diazepam" parent="." instance=ExtResource("17_muem4")]
transform = Transform3D(1, 0, 0, 0, 1, 0, 0, 0, 1, 4.928464, 1.8490454, -9.884777)

[node name="Headphones" parent="." instance=ExtResource("18_dp3eg")]
transform = Transform3D(1, 0, 0, 0, 1, 0, 0, 0, 1, 6.298204, 0.821619, -7.8609085)

[node name="PLSS" parent="." instance=ExtResource("19_0ld40")]
transform = Transform3D(1, 0, 0, 0, 1, 0, 0, 0, 1, 4.817156, 0.6424719, -7.7715993)

[node name="Bandage" parent="." instance=ExtResource("20_gqmmt")]
transform = Transform3D(-4.371139e-08, 0, 1, 0, 1, 0, -1, 0, -4.371139e-08, 6.672492, 1.8974423, -9.89041)

[node name="IcePack" parent="." instance=ExtResource("21_yc10j")]
transform = Transform3D(-4.371139e-08, 0, -1, 0.2284868, 0.973547, -9.987476e-09, 0.973547, -0.2284868, -4.255509e-08, 6.141527, 2.068109, -9.884838)

[node name="ProteinGel" parent="." instance=ExtResource("22_jscy8")]
transform = Transform3D(-4.371139e-08, 0, 1, 0, 1, 0, -1, 0, -4.371139e-08, 6.9870768, 2.0259602, -9.916858)

[node name="Flashbang" parent="." instance=ExtResource("23_pm3ni")]
transform = Transform3D(1, 0, 0, 0, 1, 0, 0, 0, 1, 5.729997, 0.7578773, -1.7591336)

[node name="ChloralHydrate" parent="." instance=ExtResource("24_y6deb")]
transform = Transform3D(1, 0, 0, 0, 0.94112295, 0.33806455, 0, -0.33806455, 0.94112295, 4.327, 1.989, -9.907)

[node name="Uzi" parent="." instance=ExtResource("25_og1vs")]
transform = Transform3D(1, 0, 0, 0, 1, 0, 0, 0, 1, 8, 1, -6)
metadata/IsGun = true
